'HY':-0.112024,
'RER':0.062936,
'HP':-0.671952,
'LHYP':-0.013764,
'LWY':-1.511032,
'LKP':0.862066,
'RKP':0.811528,
'LH':0.214000,
'RAR':0.001576,
'RAP':0.932006,
'LSR':0.024502,
'RH':0.335200,
'RHYP':-0.013764,
'LSP':1.010864,
'LAP':0.922581,
'LHR':-0.016832,
'LHP':0.105888,
'REY':0.245398,
'RHP':0.104270,
'RHR':0.001576,
'LER':-0.067454,
'LAR':0.015382,
'LEY':-0.239346,
'RWY':1.716504,
'RSP':0.991006,
'RSR':-0.021518,
