'HY':-0.055266,
'RER':0.050664,
'HP':-0.671952,
'LHYP':0.042994,
'LWY':-0.836072,
'LKP':1.027738,
'RKP':0.808460,
'LH':0.100800,
'RAR':0.000042,
'RAP':0.921976,
'LSR':0.019900,
'RH':0.038800,
'RHYP':0.042994,
'LSP':1.032340,
'LAP':0.849794,
'LHR':-0.018366,
'LHP':-0.027570,
'REY':0.558334,
'RHP':-0.052198,
'RHR':-0.018366,
'LER':-0.091998,
'LAR':0.113558,
'LEY':-0.871354,
'RWY':1.099836,
'RSP':0.995608,
'RSR':-0.000042,
